070003040000700500421080076000800900902050160730004000005009008600010003300002050
807000004090032010000010650208540700040069080000000001573000000000750030020900006
017400900090300062000085700080100604305000020000047089050090000106200000003004570
590000400008000037000286000004800209000007060037000150620900001000405000301000008
001000040400380520070201090064000908020070003800093000005900200000705100038000060
000010620004007000050098001830600504019500080000002000023040107007000305960000000
000009078200140000040600005800700100561002000000300609050003000403980026000200730
000800040052017030601000009000132000078050000009000600800090007040760005000300124
009040080420000900008100025610807000070003610003200004000500302007906008005008007
200000000901070430035600000006038100700500000000004207003200600050980000040001809
000900005020600130080005000671002900300780000000000041040003520000140060807009000
006700400001005090304090080000051002090300050003004807008030620000008001270600000
000902001240060500058000000400000980002001075300080000197005060000000300006407008
379006000200804000080030705017000020600000043000590000805020104940001006000300008
003800216940500000600037000000609507007020800800000004028050000060000790430012000
050087004900040002610035000709300080000420100400000069090002001007000800063010050
000500408076280300300000700040006005901020000008093070010040020000000901250070083
000850001740300000002006080000605097805000000300007240020740060503219400000000900
002900000703020806160050004090082000807000940001300005000041000000096720506830000
700608000009000008003000601100304000000056204950200700600010009010702830002400050
006015029803600000000040700020030100050092000070000490000060085084003070900200001
020006097070040080500200600902084050000009000400510300000100000803000401690005070
020030040700610000090804010001002709650000003000501000062000004040070830000089500
030070084000180200006005007090008120070009600000201500014030000250007030600004090
671000080005790000000400200039080001080207400200500060800000007040006309000150040
080000210004057000693000000000284000000000790501000008050903600002100030100760920
600040070008210000000005301100000060090087020005009008007000200413000906006350040
009102000732800009000006074000900780100060003248500000000703500086001020500000010
643050000089200006000008103020035400900600750000700008007900230000041000016000080
041706000500021000000008309000200005800060070705003190002010003090580600600002040
670008200400000908000052010320607080080100070000000409890060000005300061700040300
008530020000060071074000500090002450600000090000305018000010769032080000000409000
058000009700300002100740050030050080520064100000020060000002040010009700009500630
400700060920800000006050100800010520007030900003600007100005080000009432079002000
000010008000067209062030050754000003000071020080059000320000001006500480900008706
070800430000006080013005007007590048900000005400070200000000029009043100560001000
061002040900061023007500900300400005005070306100900080050030007800040000092810000
000600030574000100000709208009060750600210000700030002031000009800003024000408005
670030050008000004000702090090007300340000001001065200060004010512900008000500007
005680000982007600400003100000025008003060004096000700000000932600100400070504010
310070000006400200080500094060029030108040000000000107052001800000600000400003059
010200800007005900003000046094800250500600700000041000702030490056020000009008003
009030410005010800007209060080050000000040030060100502090008600048007100300000250
083040019020309000600000020006907000000504200234800050500080701010050038000700060
000800092600502100030704000270000540005080000003000961460000000008145030001009700
038060940005001006000900020400800000056290071000070230010000098670050300000029500
069305000004007502000008700080070300002004016005060000000000198507100040030902000
400000060000408070500062100009000300010507009080020600070950000003004005104003082
100390050307000400000020008405000000000806020920170003006007190500010080040250060
003500004500020708000401090700050801005006020032070400006700300004600002980000005
040020835000051000079000402000900070602000089010630000020105060805007000000000043
470000009000105820001000300500064000043089010602000007009500643000048000200003050
000800253410900000000063000000100070060000802509074000006090100020057030940000068
050000070600009502400080000000201000970000004004500630008300900003060051002750800
000052009603804002007001600048700050900020003000410000050096370700000140800300200
614000000080560093000007020000091208000600030740008051073400500900102004050000800
000560010000007340612000000703080200500609008400010059080302005970006000030000804
006410700000020860097000020005000300000086590120007000400095001060034000300000008
005400000030000080027600910000003200060050008300790600910800030000029004004010007
006000507030840002000100800200680030104030290370002050080479100450000600009000000
000080006070001020594003000009800730007006009103040000000020170200509003086014500
009800300402501000086002000700050000000903801040020670001040002560000080000700090
050002006401590007060000940907300800010028000600900010800600020003410078000003500
009007480060008050700059100010040060508703900300000200600200007094000008000010300
050109600100407000000030080040020830800600029001000500002050000400800370709003006
000097008050100900360002010900008040600500037074006802080003060100400000200000509
000690250800040007007510003500020001060700504038000090050300470000901800206000030
470305002600009800000060501300040000200106009098000704800000970016000000000632050
000000264960007001000350007602010090040008010800605020570001000400090005023000800
040050062005009000308000049260100030010000905004780000709600001000002753000004000
800000020300029100000065004009080700070130069506004000050740000080200010100000903
000004030500006902608100000100080006903007000200590400060030005002400870007210004
800006004009400007003000950050072300170008690008009000000010402600057010320080000
400007009005000070000610230820000005000784010030000900000930000971400600006200508
000004890070600000300290005005003400081000370023900008002080006509700104000041020
200980030794000806000100002070048003800301070060009500000700409030005020001026050
000276008325089001000000400000560000018300509704008000000090013090040700506000020
006023000090000010200100870030807005005000040089540003700060290008400000004050600
301800000050900700900050810032004000800600300076010590200070640005400081060002000
050070900008623000001000042700401080009002500600050300003000109460500000002806007
800902510061007000000000003300450020000006000097000804080040906005170008209003000
900010005000000620002800003380009001507003000060040000010670900400200370008095400
500307000020100084600000001005900020000060049008000730007050060041000008000243900
000020507300400010605900000012000080009006400007005003790000068084009020000031000
032040009700600000090080105900015040004000600007200083600500207009408000010030000
506000490907005000020601000240109063700000180038060000000370019000520600804000050
080050060900400001032000005509008400000010002010006700047603050100090030000002608
739006000400000067065020000290050804000080600006009500080002030040100050000937010
063000080002001006001500209010097000600008504200340000040009803705400060098710000
601005090300870600007002000000200504060700080004031020000900000700010309048050017
570000000100009465000203901305007280000064090010020000090005002000800016806070030
000020054040008000031700006803604070900010400004503000700000080006009002050036910
000500021070380050203000000500600870300450000060009100000206900001000043849007060
007000060030002007905106400200008506004005390003700001640800020100900000000650800
050000600000840002098600407070000069200014008503000000806300090000007100001002030
800065040050003701093000080700000605080000030000421900000672000200000803014900000
040000890760800020000205001800010007230760008000000940070004030980006000005030106
007000204100300000090018000503000086020700450008001000610000900004092370000050600
068430009000100080500200000700006400045090000010305002050080603902070800100000074
001892700900000210003000006000970450000043000702001080650000007080024500010006308
070003040000700500421080076000800900902050160730004000005009008600010003300002050
807000004090032010000010650208540700040069080000000001573000000000750030020900006
017400900090300062000085700080100604305000020000047089050090000106200000003004570
590000400008000037000286000004800209000007060037000150620900001000405000301000008
001000040400380520070201090064000908020070003800093000005900200000705100038000060
000010620004007000050098001830600504019500080000002000023040107007000305960000000
000009078200140000040600005800700100561002000000300609050003000403980026000200730
000800040052017030601000009000132000078050000009000600800090007040760005000300124
009040080420000900008100025610807000070003610003200004000500302007906008005008007
200000000901070430035600000006038100700500000000004207003200600050980000040001809
000900005020600130080005000671002900300780000000000041040003520000140060807009000
006700400001005090304090080000051002090300050003004807008030620000008001270600000
000902001240060500058000000400000980002001075300080000197005060000000300006407008
379006000200804000080030705017000020600000043000590000805020104940001006000300008
003800216940500000600037000000609507007020800800000004028050000060000790430012000
050087004900040002610035000709300080000420100400000069090002001007000800063010050
000500408076280300300000700040006005901020000008093070010040020000000901250070083
000850001740300000002006080000605097805000000300007240020740060503219400000000900
002900000703020806160050004090082000807000940001300005000041000000096720506830000
700608000009000008003000601100304000000056204950200700600010009010702830002400050
006015029803600000000040700020030100050092000070000490000060085084003070900200001
020006097070040080500200600902084050000009000400510300000100000803000401690005070
020030040700610000090804010001002709650000003000501000062000004040070830000089500
030070084000180200006005007090008120070009600000201500014030000250007030600004090
671000080005790000000400200039080001080207400200500060800000007040006309000150040
080000210004057000693000000000284000000000790501000008050903600002100030100760920
600040070008210000000005301100000060090087020005009008007000200413000906006350040
009102000732800009000006074000900780100060003248500000000703500086001020500000010
643050000089200006000008103020035400900600750000700008007900230000041000016000080
041706000500021000000008309000200005800060070705003190002010003090580600600002040
670008200400000908000052010320607080080100070000000409890060000005300061700040300
008530020000060071074000500090002450600000090000305018000010769032080000000409000
058000009700300002100740050030050080520064100000020060000002040010009700009500630
400700060920800000006050100800010520007030900003600007100005080000009432079002000
000010008000067209062030050754000003000071020080059000320000001006500480900008706
070800430000006080013005007007590048900000005400070200000000029009043100560001000
061002040900061023007500900300400005005070306100900080050030007800040000092810000
000600030574000100000709208009060750600210000700030002031000009800003024000408005
670030050008000004000702090090007300340000001001065200060004010512900008000500007
005680000982007600400003100000025008003060004096000700000000932600100400070504010
310070000006400200080500094060029030108040000000000107052001800000600000400003059
010200800007005900003000046094800250500600700000041000702030490056020000009008003
009030410005010800007209060080050000000040030060100502090008600048007100300000250
083040019020309000600000020006907000000504200234800050500080701010050038000700060
000800092600502100030704000270000540005080000003000961460000000008145030001009700
038060940005001006000900020400800000056290071000070230010000098670050300000029500
069305000004007502000008700080070300002004016005060000000000198507100040030902000
400000060000408070500062100009000300010507009080020600070950000003004005104003082
100390050307000400000020008405000000000806020920170003006007190500010080040250060
003500004500020708000401090700050801005006020032070400006700300004600002980000005
040020835000051000079000402000900070602000089010630000020105060805007000000000043
470000009000105820001000300500064000043089010602000007009500643000048000200003050
000800253410900000000063000000100070060000802509074000006090100020057030940000068
050000070600009502400080000000201000970000004004500630008300900003060051002750800
000052009603804002007001600048700050900020003000410000050096370700000140800300200
614000000080560093000007020000091208000600030740008051073400500900102004050000800
000560010000007340612000000703080200500609008400010059080302005970006000030000804
006410700000020860097000020005000300000086590120007000400095001060034000300000008
005400000030000080027600910000003200060050008300790600910800030000029004004010007
006000507030840002000100800200680030104030290370002050080479100450000600009000000
000080006070001020594003000009800730007006009103040000000020170200509003086014500
009800300402501000086002000700050000000903801040020670001040002560000080000700090
050002006401590007060000940907300800010028000600900010800600020003410078000003500
009007480060008050700059100010040060508703900300000200600200007094000008000010300
050109600100407000000030080040020830800600029001000500002050000400800370709003006
000097008050100900360002010900008040600500037074006802080003060100400000200000509
000690250800040007007510003500020001060700504038000090050300470000901800206000030
470305002600009800000060501300040000200106009098000704800000970016000000000632050
000000264960007001000350007602010090040008010800605020570001000400090005023000800
040050062005009000308000049260100030010000905004780000709600001000002753000004000
800000020300029100000065004009080700070130069506004000050740000080200010100000903
000004030500006902608100000100080006903007000200590400060030005002400870007210004
800006004009400007003000950050072300170008690008009000000010402600057010320080000
400007009005000070000610230820000005000784010030000900000930000971400600006200508
000004890070600000300290005005003400081000370023900008002080006509700104000041020
200980030794000806000100002070048003800301070060009500000700409030005020001026050
000276008325089001000000400000560000018300509704008000000090013090040700506000020
006023000090000010200100870030807005005000040089540003700060290008400000004050600
301800000050900700900050810032004000800600300076010590200070640005400081060002000
050070900008623000001000042700401080009002500600050300003000109460500000002806007
800902510061007000000000003300450020000006000097000804080040906005170008209003000
900010005000000620002800003380009001507003000060040000010670900400200370008095400
500307000020100084600000001005900020000060049008000730007050060041000008000243900
000020507300400010605900000012000080009006400007005003790000068084009020000031000
032040009700600000090080105900015040004000600007200083600500207009408000010030000
506000490907005000020601000240109063700000180038060000000370019000520600804000050
080050060900400001032000005509008400000010002010006700047603050100090030000002608
739006000400000067065020000290050804000080600006009500080002030040100050000937010
063000080002001006001500209010097000600008504200340000040009803705400060098710000
601005090300870600007002000000200504060700080004031020000900000700010309048050017
570000000100009465000203901305007280000064090010020000090005002000800016806070030
000020054040008000031700006803604070900010400004503000700000080006009002050036910
000500021070380050203000000500600870300450000060009100000206900001000043849007060
007000060030002007905106400200008506004005390003700001640800020100900000000650800
050000600000840002098600407070000069200014008503000000806300090000007100001002030
800065040050003701093000080700000605080000030000421900000672000200000803014900000
040000890760800020000205001800010007230760008000000940070004030980006000005030106
007000204100300000090018000503000086020700450008001000610000900004092370000050600
068430009000100080500200000700006400045090000010305002050080603902070800100000074
001892700900000210003000006000970450000043000702001080650000007080024500010006308
000000900500040600001007030005000090000800002040950000000160020070000008003000054
000000045020000030900070000000400000068002900040000012100609000800005000500000170
000004800501030000000000190000007000070000340084100002030000605002700400000695000
028000000304020701000000006000503000002000000009010300000091058007200000401800000
000010065000907008405000030300000000908000600000009002060300100002708090080000000
000015080007000600032000014000671500600000072000300000000423000980006020000000060
000004007015000003200000040000080050000000070007560809001030400020000690000650000
600021040200006700900004000003000020709500000050000800407600000020903004000000006
320040000000000000040081000000020807160000509000030000002010000079000600004902080
710004000850000030040000002680100950000009001009060000020600000000520007000800010
020000050000300008860004000000400200650028000000900000709000300003709040000005000
000000500090000301043806000800100000000000200061087000000000970008304000010000050
007001430400020160190000000000400608370100050000900200020000000000036000000090007
030008000080040030049070000000000080005900000000600703010007300002000010600003850
000070050802000000000000620158002300000600004000009010006000200040130006509000003
000070108530010000000090000000000600294001000100002500025000003040005900801000040
000230000010000007008910000100000004007000500650040008089020000000104000000700020
009000207300040000046900030000690082100200090005000300000405000530000600000038000
000600018000000230700890000002031000001008000000000063070000800600009007200004000
000700040006010000000908100000007008304056710000003009000000300010000050020030086
003900200070600005020000906000000059050000007000010800210008000900300140600007000
000305000000000600001000750900000000000010205600000040004000090200070801030062000
000900030800001000700008500000240300005060000060000210502000400006050009084000100
000010800040000602008300001000490000500000008307001005600503000000029050000700040
000000004030500070710000680007000039002856000000300000000408002100000000500270000
000006020030120000000000305300000100010700000790000004500008600082000030000600280
000010020090000300400356000980023400000900000520800000070000200050000703130000960
005030000012009000300800000800900700400600500057000001700005809003006000000000100
020070900100000057000003000800600700064000030000000010980700020500068000000030040
006000508400009300350000000000700002083005900710000060000601000800090000502000004
304029108000000900086000030000000000000001503070600004001030072090008000003040000
032500000000006040000304100073800000200000006008409000090200000080000003000750901
000100470000000600050200000890006030004000005603010700500000000009708004001025000
030000006040000300600030070000050008008000009260000400001000004006800050000079830
000000320001780000900000000000400000060120908370600000008000500500007000000230014
000600030007090050120000097040000000000010800308200100050070009000060000904150000
002000300010020005875000009040098002020006100000010040000800670000030508000050000
200600000057000029000003007080700600000402008500000000073090000000070010060300400
000003000803001709000000010000070040000500060079600000400016005601900020007450000
501300000003590060000400002109804050000000000048060007000000200007001008904000010
020000060031008000000040058008200000604307000000000709000060000080000070900000401
035000001900051030200800000020000050000009470060000290000706000070000060000020009
000900030800000046105008000680300024000210050000000900703020000010003700020080000
030100070095003006000004090000602800807000020043000000100000358000005010002000000
406000000020010700000930200002000460900000002000007150000000800000008000370090510
802500300005000024040008060090102080000070000006000000008000009503207000000006510
810000000904008600000200000000004005007000000350010090400000003000800704008706000
643500000070000000005603100000030070010008050400002000038100700000000820000006905
040010000000084020200700090300005806010000000507200000120000000080000600600000075
000002600970000000020000050300408000050001003700005084080060007090010200000590460
060000002005700000300005008000001006429000500008000030090060000000030085000900700
583000090020000070000063040040000300009000001000854000000001060900500000001009008
003070408024000070800000200400006000070900001009000007000000300036408000100200694
900006000100000309062000080000380400000020716070900000000500040000000870080030005
130400008000006000800050020005001000070800300000023700900000080052000001040600005
002060000000008000008100507000036048400000002051000000700900000009040003030200680
900050002306070004000000001005000000021096000000200003000000090000100006080043070
060000230140000007000080060002040000000600090800500021070000000000091070000308000
000006000030070000000801026079020000008600400000000009040000000000230081050090070
065009084001007000400500600300000960000000020809000001000000000700415000010000830
000002100006050000090070300300000080204000706005200004000009000010307400500004000
000700090004900200000015000008002359030060000090007000000000680000000017706084000
600000045098000000070000000000093010000704000010000060485020007000301000700500000
043860000090000310000000500061078000000000200800100000000000907008340000010000005
640700000000803000010050730080900500500000400000040000000070100000030026835000004
000000000030849000000000030806090700000102400070000000704560001050000020000300006
000080000091072000000000067000640080953000600000000000040890050002010000800000030
500026900090000000100500073070000000450071000000003680260300000000002000000700201
050001080600000010004070020069520000205800000070000600012430000000000000790080300
000030078400000001069500200000090080004608010502007000206000003017000046000700000
000064708000001500096000010000000000415600030009030085000070002503000000860000400
097020000000000000800000510063040000900000400180090602000100350000730000028005000
002940050060500070000000100000000700720600530096000000918700000070000400030020000
200008001760090400000030000000000100600000503024705600000006000100002060900007008
010062000090000004007053008200600900000010040043000000000009000058000390000700805
004001300003000609701000000000230000060007030500000006000040007000500090827000000
008900000000030670010560802000070000000300000821000000500800900389400500006000300
000300025900650001100000070000008007010070000060004050030005900007000034800200000
062400300007300006000900801200074065000038000100500000500010004600000098700000000
000900300000000027560008000900500000000000600130004900000103074020070005019000000
000900000004350000900001008000400000000020000007030069050240300600005170008000400
000020000400010003571900060000000006050100038000809410000000007010007604008294000
000000000106000025070054800008000036012000400000800000293600740000900000004023000
000052000008000490004000070506000019000009300100070850030000000200005008000130005
000906001006080090800430007000000040560700200093600000207000100010000020000000000
200560007016000009000000051000604020089000700000390000003250000000000040920000000
040000000000090001600000420306040005029000104000005008005023000000001006000008700
000090060075000000600008001000000200064000080000702009080000000049021000000574300
046000050300080040090000000008007160700000090000002000180300000000570002260100009
200014060000076020000000000009000370400000000800051600007830000030009006000500004
000200000005000000080090240060004000004971030000000050500100009000046103806020000
000000805065000000000701000081920000030604000002000004070200003500030400019000080
017009004020000600800020000000015206409000003000008009001030000000204008008700000
000000000000000390001307020070006002904500000050000400009070004037000250520060000
060000240000000001500080000702000050005639400600000009000027000000000804004050970
000700063000050000300001500080060050940003020000000406503200001002010008000600000
200000100093040000500007000005100007400000509000200000004090730060410020080000006
000540300709000000600002000091700000000000000000600005000100870030080209002007600
000002039056000002000400100800609200305020001020000003009060000000010000540000070
740000019009000050008340000002051000000030500001200000800020100000900002007600800
070003040000700500421080076000800900902050160730004000005009008600010003300002050
807000004090032010000010650208540700040069080000000001573000000000750030020900006
017400900090300062000085700080100604305000020000047089050090000106200000003004570
590000400008000037000286000004800209000007060037000150620900001000405000301000008
001000040400380520070201090064000908020070003800093000005900200000705100038000060
000010620004007000050098001830600504019500080000002000023040107007000305960000000
000009078200140000040600005800700100561002000000300609050003000403980026000200730
000800040052017030601000009000132000078050000009000600800090007040760005000300124
009040080420000900008100025610807000070003610003200004000500302007906008005008007
200000000901070430035600000006038100700500000000004207003200600050980000040001809
000900005020600130080005000671002900300780000000000041040003520000140060807009000
006700400001005090304090080000051002090300050003004807008030620000008001270600000
000902001240060500058000000400000980002001075300080000197005060000000300006407008
379006000200804000080030705017000020600000043000590000805020104940001006000300008
003800216940500000600037000000609507007020800800000004028050000060000790430012000
050087004900040002610035000709300080000420100400000069090002001007000800063010050
000500408076280300300000700040006005901020000008093070010040020000000901250070083
000850001740300000002006080000605097805000000300007240020740060503219400000000900
002900000703020806160050004090082000807000940001300005000041000000096720506830000
700608000009000008003000601100304000000056204950200700600010009010702830002400050
006015029803600000000040700020030100050092000070000490000060085084003070900200001
020006097070040080500200600902084050000009000400510300000100000803000401690005070
020030040700610000090804010001002709650000003000501000062000004040070830000089500
030070084000180200006005007090008120070009600000201500014030000250007030600004090
671000080005790000000400200039080001080207400200500060800000007040006309000150040
080000210004057000693000000000284000000000790501000008050903600002100030100760920
600040070008210000000005301100000060090087020005009008007000200413000906006350040
009102000732800009000006074000900780100060003248500000000703500086001020500000010
643050000089200006000008103020035400900600750000700008007900230000041000016000080
041706000500021000000008309000200005800060070705003190002010003090580600600002040
670008200400000908000052010320607080080100070000000409890060000005300061700040300
008530020000060071074000500090002450600000090000305018000010769032080000000409000
058000009700300002100740050030050080520064100000020060000002040010009700009500630
400700060920800000006050100800010520007030900003600007100005080000009432079002000
000010008000067209062030050754000003000071020080059000320000001006500480900008706
070800430000006080013005007007590048900000005400070200000000029009043100560001000
061002040900061023007500900300400005005070306100900080050030007800040000092810000
000600030574000100000709208009060750600210000700030002031000009800003024000408005
670030050008000004000702090090007300340000001001065200060004010512900008000500007
005680000982007600400003100000025008003060004096000700000000932600100400070504010
310070000006400200080500094060029030108040000000000107052001800000600000400003059
010200800007005900003000046094800250500600700000041000702030490056020000009008003
009030410005010800007209060080050000000040030060100502090008600048007100300000250
083040019020309000600000020006907000000504200234800050500080701010050038000700060
000800092600502100030704000270000540005080000003000961460000000008145030001009700
038060940005001006000900020400800000056290071000070230010000098670050300000029500
069305000004007502000008700080070300002004016005060000000000198507100040030902000
400000060000408070500062100009000300010507009080020600070950000003004005104003082
100390050307000400000020008405000000000806020920170003006007190500010080040250060
003500004500020708000401090700050801005006020032070400006700300004600002980000005
040020835000051000079000402000900070602000089010630000020105060805007000000000043
470000009000105820001000300500064000043089010602000007009500643000048000200003050
000800253410900000000063000000100070060000802509074000006090100020057030940000068
050000070600009502400080000000201000970000004004500630008300900003060051002750800
000052009603804002007001600048700050900020003000410000050096370700000140800300200
614000000080560093000007020000091208000600030740008051073400500900102004050000800
000560010000007340612000000703080200500609008400010059080302005970006000030000804
006410700000020860097000020005000300000086590120007000400095001060034000300000008
005400000030000080027600910000003200060050008300790600910800030000029004004010007
006000507030840002000100800200680030104030290370002050080479100450000600009000000
000080006070001020594003000009800730007006009103040000000020170200509003086014500
009800300402501000086002000700050000000903801040020670001040002560000080000700090
050002006401590007060000940907300800010028000600900010800600020003410078000003500
009007480060008050700059100010040060508703900300000200600200007094000008000010300
050109600100407000000030080040020830800600029001000500002050000400800370709003006
000097008050100900360002010900008040600500037074006802080003060100400000200000509
000690250800040007007510003500020001060700504038000090050300470000901800206000030
470305002600009800000060501300040000200106009098000704800000970016000000000632050
000000264960007001000350007602010090040008010800605020570001000400090005023000800
040050062005009000308000049260100030010000905004780000709600001000002753000004000
800000020300029100000065004009080700070130069506004000050740000080200010100000903
000004030500006902608100000100080006903007000200590400060030005002400870007210004
800006004009400007003000950050072300170008690008009000000010402600057010320080000
400007009005000070000610230820000005000784010030000900000930000971400600006200508
000004890070600000300290005005003400081000370023900008002080006509700104000041020
200980030794000806000100002070048003800301070060009500000700409030005020001026050
000276008325089001000000400000560000018300509704008000000090013090040700506000020
006023000090000010200100870030807005005000040089540003700060290008400000004050600
301800000050900700900050810032004000800600300076010590200070640005400081060002000
050070900008623000001000042700401080009002500600050300003000109460500000002806007
800902510061007000000000003300450020000006000097000804080040906005170008209003000
900010005000000620002800003380009001507003000060040000010670900400200370008095400
500307000020100084600000001005900020000060049008000730007050060041000008000243900
000020507300400010605900000012000080009006400007005003790000068084009020000031000
032040009700600000090080105900015040004000600007200083600500207009408000010030000
506000490907005000020601000240109063700000180038060000000370019000520600804000050
080050060900400001032000005509008400000010002010006700047603050100090030000002608
739006000400000067065020000290050804000080600006009500080002030040100050000937010
063000080002001006001500209010097000600008504200340000040009803705400060098710000
601005090300870600007002000000200504060700080004031020000900000700010309048050017
570000000100009465000203901305007280000064090010020000090005002000800016806070030
000020054040008000031700006803604070900010400004503000700000080006009002050036910
000500021070380050203000000500600870300450000060009100000206900001000043849007060
007000060030002007905106400200008506004005390003700001640800020100900000000650800
050000600000840002098600407070000069200014008503000000806300090000007100001002030
800065040050003701093000080700000605080000030000421900000672000200000803014900000
040000890760800020000205001800010007230760008000000940070004030980006000005030106
007000204100300000090018000503000086020700450008001000610000900004092370000050600
068430009000100080500200000700006400045090000010305002050080603902070800100000074
001892700900000210003000006000970450000043000702001080650000007080024500010006308
000000900500040600001007030005000090000800002040950000000160020070000008003000054
000000045020000030900070000000400000068002900040000012100609000800005000500000170
000004800501030000000000190000007000070000340084100002030000605002700400000695000
028000000304020701000000006000503000002000000009010300000091058007200000401800000
000010065000907008405000030300000000908000600000009002060300100002708090080000000
000015080007000600032000014000671500600000072000300000000423000980006020000000060
000004007015000003200000040000080050000000070007560809001030400020000690000650000
600021040200006700900004000003000020709500000050000800407600000020903004000000006
320040000000000000040081000000020807160000509000030000002010000079000600004902080
710004000850000030040000002680100950000009001009060000020600000000520007000800010
020000050000300008860004000000400200650028000000900000709000300003709040000005000
000000500090000301043806000800100000000000200061087000000000970008304000010000050
007001430400020160190000000000400608370100050000900200020000000000036000000090007
030008000080040030049070000000000080005900000000600703010007300002000010600003850
000070050802000000000000620158002300000600004000009010006000200040130006509000003
000070108530010000000090000000000600294001000100002500025000003040005900801000040
000230000010000007008910000100000004007000500650040008089020000000104000000700020
009000207300040000046900030000690082100200090005000300000405000530000600000038000
000600018000000230700890000002031000001008000000000063070000800600009007200004000
000700040006010000000908100000007008304056710000003009000000300010000050020030086
003900200070600005020000906000000059050000007000010800210008000900300140600007000
000305000000000600001000750900000000000010205600000040004000090200070801030062000
000900030800001000700008500000240300005060000060000210502000400006050009084000100
000010800040000602008300001000490000500000008307001005600503000000029050000700040
000000004030500070710000680007000039002856000000300000000408002100000000500270000
000006020030120000000000305300000100010700000790000004500008600082000030000600280
000010020090000300400356000980023400000900000520800000070000200050000703130000960
005030000012009000300800000800900700400600500057000001700005809003006000000000100
020070900100000057000003000800600700064000030000000010980700020500068000000030040
006000508400009300350000000000700002083005900710000060000601000800090000502000004
304029108000000900086000030000000000000001503070600004001030072090008000003040000
032500000000006040000304100073800000200000006008409000090200000080000003000750901
000100470000000600050200000890006030004000005603010700500000000009708004001025000
030000006040000300600030070000050008008000009260000400001000004006800050000079830
000000320001780000900000000000400000060120908370600000008000500500007000000230014
000600030007090050120000097040000000000010800308200100050070009000060000904150000
002000300010020005875000009040098002020006100000010040000800670000030508000050000
200600000057000029000003007080700600000402008500000000073090000000070010060300400
000003000803001709000000010000070040000500060079600000400016005601900020007450000
501300000003590060000400002109804050000000000048060007000000200007001008904000010
020000060031008000000040058008200000604307000000000709000060000080000070900000401
035000001900051030200800000020000050000009470060000290000706000070000060000020009
000900030800000046105008000680300024000210050000000900703020000010003700020080000
030100070095003006000004090000602800807000020043000000100000358000005010002000000
406000000020010700000930200002000460900000002000007150000000800000008000370090510
802500300005000024040008060090102080000070000006000000008000009503207000000006510
810000000904008600000200000000004005007000000350010090400000003000800704008706000
643500000070000000005603100000030070010008050400002000038100700000000820000006905
040010000000084020200700090300005806010000000507200000120000000080000600600000075
000002600970000000020000050300408000050001003700005084080060007090010200000590460
060000002005700000300005008000001006429000500008000030090060000000030085000900700
583000090020000070000063040040000300009000001000854000000001060900500000001009008
003070408024000070800000200400006000070900001009000007000000300036408000100200694
900006000100000309062000080000380400000020716070900000000500040000000870080030005
130400008000006000800050020005001000070800300000023700900000080052000001040600005
002060000000008000008100507000036048400000002051000000700900000009040003030200680
900050002306070004000000001005000000021096000000200003000000090000100006080043070
060000230140000007000080060002040000000600090800500021070000000000091070000308000
000006000030070000000801026079020000008600400000000009040000000000230081050090070
065009084001007000400500600300000960000000020809000001000000000700415000010000830
000002100006050000090070300300000080204000706005200004000009000010307400500004000
000700090004900200000015000008002359030060000090007000000000680000000017706084000
600000045098000000070000000000093010000704000010000060485020007000301000700500000
043860000090000310000000500061078000000000200800100000000000907008340000010000005
640700000000803000010050730080900500500000400000040000000070100000030026835000004
000000000030849000000000030806090700000102400070000000704560001050000020000300006
000080000091072000000000067000640080953000600000000000040890050002010000800000030
500026900090000000100500073070000000450071000000003680260300000000002000000700201
050001080600000010004070020069520000205800000070000600012430000000000000790080300
000030078400000001069500200000090080004608010502007000206000003017000046000700000
000064708000001500096000010000000000415600030009030085000070002503000000860000400
097020000000000000800000510063040000900000400180090602000100350000730000028005000
002940050060500070000000100000000700720600530096000000918700000070000400030020000
200008001760090400000030000000000100600000503024705600000006000100002060900007008
010062000090000004007053008200600900000010040043000000000009000058000390000700805
004001300003000609701000000000230000060007030500000006000040007000500090827000000
008900000000030670010560802000070000000300000821000000500800900389400500006000300
000300025900650001100000070000008007010070000060004050030005900007000034800200000
062400300007300006000900801200074065000038000100500000500010004600000098700000000
000900300000000027560008000900500000000000600130004900000103074020070005019000000
000900000004350000900001008000400000000020000007030069050240300600005170008000400
000020000400010003571900060000000006050100038000809410000000007010007604008294000
000000000106000025070054800008000036012000400000800000293600740000900000004023000
000052000008000490004000070506000019000009300100070850030000000200005008000130005
000906001006080090800430007000000040560700200093600000207000100010000020000000000
200560007016000009000000051000604020089000700000390000003250000000000040920000000
040000000000090001600000420306040005029000104000005008005023000000001006000008700
000090060075000000600008001000000200064000080000702009080000000049021000000574300
046000050300080040090000000008007160700000090000002000180300000000570002260100009
200014060000076020000000000009000370400000000800051600007830000030009006000500004
000200000005000000080090240060004000004971030000000050500100009000046103806020000
000000805065000000000701000081920000030604000002000004070200003500030400019000080
017009004020000600800020000000015206409000003000008009001030000000204008008700000
000000000000000390001307020070006002904500000050000400009070004037000250520060000
060000240000000001500080000702000050005639400600000009000027000000000804004050970
000700063000050000300001500080060050940003020000000406503200001002010008000600000
200000100093040000500007000005100007400000509000200000004090730060410020080000006
000540300709000000600002000091700000000000000000600005000100870030080209002007600
000002039056000002000400100800609200305020001020000003009060000000010000540000070
740000019009000050008340000002051000000030500001200000800020100000900002007600800
300600900090000700040002103000000010400075002010900605067010000080000030000200000
000630000004090006500800001007000000200000060416000857070010200980000000000007900
006001020400807500300000000004070605005000001000049200050600400012000003000910000
001080002000000100487002000004000300010026078600050000003000940200500003000041000
300900000009010050070006002002430010000807090850000000000003060107000000080000104
600000000305800001000004020090000042000390050100002060000059000006000800004710000
900000008000006030060800020200408006000050000008090007009001800020005000450000103
000000670008020000740100000070630008400800009000000005064085031800000590200006000
003009006020457000010000000030010000000900002001008500000600000080003420400000800
000000360050000907004080000000920000700000010602050008008043050010000000900000600
000006000003270000700090008904000003500000600000300410000000030018000024200001057
000000006830270000000901000700010063060003200500000908000009010100300000327084000
020000050700602400304000068046050000000000080010000007030007000400230610900005000
006007000000000061000029800030000400000086007000002980065001000000000070102704009
200000000080106000490200600708900200000000013041003090000000100000035020600000040
040000085000000040090600002000400700403000001600085090000020000001900000305700100
037800006000013000500000007040002051200090000080030040000000000170000302009000060
005400080600000700003009000008007002070001000000030050010940000350006074400000208
601049037000000000004573001049000000500008006080090010000000769007000200003005000
000805407701002000900700000002040000068200050300000960000008005000903000000000180
070000090005003100600009705700081000002006403050000600000040301040000060200500000
600015009000000070004030010040009008180400000500000040705003092009052030000000000
090040085080200000306000010030070000005000007840000090100096003000007000000000502
590000004000084700300010000004631000700400010000007900600000030000300028050060000
000500800900417000720000090005030000034609000000000100400000050082000000000006037
000500207050304000000600080040903000010000006800000000100072000006000000407000031
060900200009030070000000061080000400005401000003800000030500720470002080000600000
080007300050008000701000002940000010000001037000503000520090000000080700000000250
010030000006040007000008000020000105000900080035004700002000090000000600470609230
000040000005709000360000200090000853000010000200000400500002000400000060001508009
608010003900005000000000609004000030000070098520003010060400002200006100009700000
007000001000000540910030000302600400000010020004070060800100000600009802000520000
003004001007000000090038000070009800010000053004020000000000130902006007000800065
020004000000900000703000060804070000000000970506180000000000305008000200069800000
009005208026300900470000100050207039000000000040500000000000010000730002002800056
103560040000000700004012060020700008005000630000000170010000000508300000000900503
009800600001000003073002009010204000300008000060007800080100060040003090000000105
005020010007000360060000070019400500000201000700900000000800903040007000001003008
020070000305000400080003001090000003700000028042005000070910000010040000900600700
040000025060017000000005000200390000480000000000000108000401600500000090008000007
002004007000016500409500000050600000000000060800000325024090080000107000300000006
009006000420800001300705000007002090000600100510000008000030205000000089060000300
000000003100090050090004100000053070000007980000800002000600000527000601004100007
000005001600000005090300070702030900000001000000600150900000080500700004300150000
006002000005004060380000540000080100950000002000079035007500000100030000030400000
090000060060007902040080007000000008002059000700104000014008000009400030020700006
016209830000008000040300000005000007002503000800000090091060000000800201000000060
002570090000004010070003040800006700000700000940000052000040001201009000680000000
000000100800006000900172000052000900030060007090040000085004006000007080016050004
000560010000700000600240070003000000000002095758000400040009008007000200862400000
006003000009000400420007806000010002040000908900080010100470000200000500075300000
034020000000000000000008076000500302100006490050010007503000001009803000000090000
400083500000209400002000790020000000003890000006000001008314007000000305090700000
040100200501086000006000090200430000400070300800010050000000700000002008600000003
000070390010005000030048000000000009000190746200000030004500000680009000075600200
000040906000081002901600000050000030200007005090000007004800600300000140000050008
006000005000200700007403090000076100000300000400001800601040000500680204009000000
000041000800000095100090300062050003000000027000000000700000000010530060290010700
008000003000001006000000829087605001003407000060000500040006005200000000801790000
369000005010006000000400070900000040080902000000000003002060001000030004031009200
000500200900000000007300006304010900005073000000008007000006043400007060802000000
010900003070000090030005040900004010004000007000002400006100509000008060000500730
000430800080007000000001005200000000000605700039004010400700006590000208000900001
000032008000094000410050030069000004040000002000070560000008900003600000002000007
003000000060100000970000803000620000000001500000058029050080010708004000000009430
000000785100000000003079100406300000030005000000020398201000000000081020004000060
009000006010700000040300000006009003087000500090020400500800002000140000000006010
000037085200005400130008000000800504006004000057000010002006800900000000084000300
600800700230000000005100009000091007000200600001000800000070908040000005906083400
598000000000406300006008700030100520009000000001020038000800100000073000800000605
020000107900800005040010600000100009070000000000028006008000000000509042005007000
000000000000005400100300090040000003008000002050170900006003074705409000000200100
020080000000000013400050060017300008000000700000028006005090000900005000704100050
050020068000003010000080704035000201800600000070800300007005000091700000000090003
080060073300100800001000000409000000000900000070005060000003490004008507100600002
001009000500740000009100300000200040030000802100000007700002050060078200350000068
004000070620900000000060980103000640000080010060000002001030090000000700700008024
030870000000050104006190002879000060000000000050200000083000020000080056000000700
000005001014000900370000800098000004007000000006290080000800307500700009000062050
009006000720000650000304000005120009000500021008009000100000860470000000006000007
002000810300000002050002000001840059070000001600003000000300200800506070100004090
090006300270000005000040006010005000000020000400800100048300000009008030000601007
030000680900020000002007300000402003870103400000000500500700000000000800009004000
070000300000020005004097002009000801000156000000000000080000200052800060300640070
000080000009000500063000012020001003100500007000904000045006000008000059000300704
000003002408000009790000050000601280036500000040000000000070005000920037002000800
000006000020405060007930000045090000001000450000000027900020003700301004050000100
004700010002000000500008900003400106000170000005000002047560200000000004020000800
000900046000070200020005030000400050700300020000001800009080000064020100300000600
100040030700000060090500001900080400040010008000020370000100080000007050052003000
000000007004680030030004001059000000070200860000960700592000000000000006000103070
006900300090350027007000000000000800700000002000236009308609000400820050000000900
050000030008032007000001000700000190000005300000800064000470000407000005900080000
002005806300001400090004000000300728400000090000800000610000000003579000000000000
400700600072090000605000000000000008090024300000305062004517000000000890000040050
300000500040090160009000708007200000008000002100700000000408300050006900004001000
200010070100608420900003800000047010080300000500000009006000000000025000002000300
007089400061000007000500000010000093090005002002060000800004000034100906000200000
009000000000060400000083070602009040085400100000700000004000002050030000020007036
700000200090500000010006409007000000406000080000010005600200070370150090000000008
